[CW]
beepfreq=1000.000000
beepvol=0.250000
shorthit=80
longhit=240
hitdelay=80
letterdelay=240
worddelay=240
[GLOBAL]
windowrect=224,104,1144,540
[JOURNAL]
sendperiod=27
sendidlelimit=750
sendrect=5,235,490,267
sendlabeloffset=0,-15
sendlabel=Send
sendqueuerect=5,270,490,281
specrect=498,10,908,160
speclabeloffset=0,-15
speclabel=Spectrogram
recvperiod=27
recvidlelimit=750
recvrect=5,180,490,212
recvlabeloffset=0,-15
recvlabel=Recieve
recvmrect=8,10,493,160
recvanalyzesamples=512
recvthreshold=0.300000
recvfreqstart=850
recvfreqend=1250
[MAINPANEL]
cw=500,290,297,92,000D,CW
sendpause=603,265,91,16,0074,暂停,继续
sendfile=500,265,91,16,0075,打开文件...
autokeyswitch=706,265,91,16,0009,手动,自动(左/右),自动(右/左)
noiseswitch=809,265,91,16,0076,干扰
sendvol=500,168,90,90,-80.000000,0.000000,-15.312500,发送音量(dB)
noisevol=809,168,90,90,-80.000000,0.000000,0.000000,干扰音量(dB)
sendspeed=603,168,90,90,5.000000,30.000000,20.000000,发送速度(wpm)
specbrightness=706,168,90,90,-60.000000,60.000000,55.781250,频谱增益(dB)
[KOCH]
charlist=KMRSUAPTLOWI.NJEF0Y,VG5/Q9ZH38B?427C1D6Xkoch_wordlen=5
[MORSE]
A=00000002,00000003,0041
B=00000007,0000000F,0042
C=00000005,0000000F,0043
D=00000003,00000007,0044
E=00000001,00000001,0045
F=0000000D,0000000F,0046
G=00000001,00000007,0047
H=0000000F,0000000F,0048
I=00000003,00000003,0049
J=00000008,0000000F,004A
K=00000002,00000007,004B
L=0000000B,0000000F,004C
M=00000000,00000003,004D
N=00000001,00000003,004E
O=00000000,00000007,004F
P=00000009,0000000F,0050
Q=00000002,0000000F,0051
R=00000005,00000007,0052
S=00000007,00000007,0053
T=00000000,00000001,0054
U=00000006,00000007,0055
V=0000000E,0000000F,0056
W=00000004,00000007,0057
X=00000006,0000000F,0058
Y=00000004,0000000F,0059
Z=00000003,0000000F,005A
1=00000010,0000001F,0031
2=00000018,0000001F,0032
3=0000001C,0000001F,0033
4=0000001E,0000001F,0034
5=0000001F,0000001F,0035
6=0000000F,0000001F,0036
7=00000007,0000001F,0037
8=00000003,0000001F,0038
9=00000001,0000001F,0039
0=00000000,0000001F,0030
?=00000033,0000003F,0000
/=0000000D,0000001F,006F
(=00000012,0000003F,0000
)=00000012,0000003F,0000
-=0000000E,0000003F,006D
.=0000002A,0000003F,006E
_=00000000,00000000,0020
[HWCTRL]
enableextport=00000000
extportaddr=00000378
openbyte=000000FF
closebyte=00000000
[NETWORK]
nwenabled=1
localport=3010
hosts=0
